---
execution:
    success: true
model:
    last_step: 24
    ifs_sp_e: [ 0.355429962158203E+03 ]
    wam_u: [ -0.2963516, -17.90832, 22.62211 ]
    wam_v: [ -0.3938227, -22.44778, 21.49443 ]
    ifs_sp_div: [ 0.127644898384460E-04 ]
    wam_w: [ 0.4232437, 0.0000000E+00, 2.468542 ]
    wam_dens: [ 1.191505, 0.7034084, 1.481793 ]
    wam_ch: [ 1.5087123E-02, 6.5029608E-03, 6.7484535E-02 ]
    ifs_sp_vort: [ 0.290071566269035E-04 ]
    wam_ice: [ -286.2325, -999.0000, 1.000000 ]
    ifs_sp_temp: [ 0.243480361938477E+03 ]
    ssh_norm_max: [ 0.2254297693626662e+01, 0.2251509727689646e+01, 0.2250878185388920e+01, 0.2251464728555458e+01, 0.2249492229152905e+01, 0.2246262838833089e+01, 0.2243611118185617e+01, 0.2241915169384145e+01, 0.2240464056638004e+01, 0.2239187554970966e+01, 0.2237888405851423e+01, 0.2236063682358075e+01, 0.2234029842017590e+01, 0.2232479031869138e+01, 0.2231776032825935e+01, 0.2231722910191467e+01, 0.2231253096897491e+01, 0.2229885690317739e+01, 0.2227715110968826e+01, 0.2225608998414163e+01, 0.2224313336037557e+01, 0.2224426089609408e+01, 0.2225807928263392e+01, 0.2228172724045074e+01 ]
    U_norm_max: [ 0.2793806227567600e+01, 0.2790008387338280e+01, 0.2786167126373581e+01, 0.2779582973583680e+01, 0.2773749889141746e+01, 0.2764964778952037e+01, 0.2758282862520993e+01, 0.2750288769590890e+01, 0.2746309516614351e+01, 0.2742327745826099e+01, 0.2743347600882462e+01, 0.2744059906810516e+01, 0.2749240540221449e+01, 0.2755082931757062e+01, 0.2761550048259899e+01, 0.2768385685554070e+01, 0.2773651575747439e+01, 0.2778242067052137e+01, 0.2780234491604502e+01, 0.2783691427195383e+01, 0.2784132710145813e+01, 0.2786456612657839e+01, 0.2788316130306170e+01, 0.2791343243894292e+01 ]
    S_min: [ 0.6829474226416811e+00, 0.6829386579784500e+00, 0.6829396215290311e+00, 0.6828780235472989e+00, 0.6828583928760342e+00, 0.6828225500653597e+00, 0.6827748419838848e+00, 0.6827161047194807e+00, 0.6826680620770184e+00, 0.6826297050302765e+00, 0.6825735443138786e+00, 0.6825347380034139e+00, 0.6824736709858888e+00, 0.6824125527195229e+00, 0.6824026624806429e+00, 0.6824114927504160e+00, 0.6824246889641568e+00, 0.6824194941166264e+00, 0.6824157488958826e+00, 0.6823944009306768e+00, 0.6823311090110377e+00, 0.6822913417336530e+00, 0.6822128505954594e+00, 0.6821520560042428e+00 ]
    S_max: [ 0.3979469294791558e+02, 0.3979469361224787e+02, 0.3979469474507714e+02, 0.3979469460084145e+02, 0.3979469579682876e+02, 0.3979469668171231e+02, 0.3979469664415392e+02, 0.3979469775641348e+02, 0.3979469803989984e+02, 0.3979469900331097e+02, 0.3979469944058828e+02, 0.3979470025390583e+02, 0.3979470073629260e+02, 0.3979470145875645e+02, 0.3979470194183340e+02, 0.3979470266175687e+02, 0.3979470318874319e+02, 0.3979470385424058e+02, 0.3979470466997495e+02, 0.3979470529773559e+02, 0.3979470620283607e+02, 0.3979470608001903e+02, 0.3979470729529930e+02, 0.3979470765843234e+02 ]
