---
execution:
    success: false
model:
    last_step: 96
    ifs_sp_e: [ 0.356807037353516E+03 ]
    wam_u: [ -0.4053921, -23.35244, 50.49717 ]
    wam_v: [ -0.3558881, -39.39005, 27.19134 ]
    ifs_sp_div: [ 0.337273704644758E-04 ]
    wam_w: [ 0.4604397, 0.0000000E+00, 2.625197 ]
    wam_dens: [ 1.189389, 0.6796368, 1.504896 ]
    wam_ch: [ 1.5493887E-02, 6.5002968E-03, 8.1536479E-02 ]
    ifs_sp_vort: [ 0.405866339860950E-04 ]
    wam_ice: [ -282.7029, -999.0000, 1.000000 ]
    ifs_sp_temp: [ 0.243477844238281E+03 ]
    ssh_norm_max: [  ]
    U_norm_max: [  ]
    S_min: [  ]
    S_max: [  ]
timing:
    elapsed_time:
        tm_0_CNT0: 155371410
        tm_1_CNT4: 68802244
        tm_7_SCAN2M: 24586
        tm_8_SCAN2M: 21800
        tm_10_SCAN2M: 140374
        tm_13_SCAN2M: 178229
        tm_32_NEMO: 545754
        tm_37_CPGLAG: 36937
        tm_38_WAM: 40500
        tm_51_SCAN2M: 12832
        tm_65_RADINTG: 18050
        tm_66_RADINTG: 5218
        tm_89_SCAN2M: 18713
        tm_102_LTINV_CTL: 1033
        tm_103_LTDIR_CTL: 1143
        tm_106_FTDIR_CTL: 3278
        tm_107_FTINV_CTL: 3157
        tm_152_LTINV_CTL: 4451
        tm_153_LTDIR_CTL: 13414
        tm_157_FTINV_CTL: 8546
        tm_158_FTDIR_CTL: 11025
        tm_nemo_stp: 282423
        tm_nemo_sbc: 92553
        tm_nemo_icestp: 61595
        tm_nemo_ice_dyn: 32241
        tm_nemo_icethd: 4709
        tm_nemo_stp_thermodyn: 0
        tm_nemo_zdf_phy: 20258
        tm_nemo_stp_lateral: 0
        tm_nemo_ldf_slp: 8887
        tm_nemo_stp_oceandyn: 0
        tm_nemo_dom_vvl_sf_nxt: 4567
        tm_nemo_dyn_adv: 3836
        tm_nemo_dyn_vor: 7700
        tm_nemo_dyn_ldf: 6429
        tm_nemo_dyn_hpg: 1381
        tm_nemo_dyn_spg: 10211
        tm_nemo_dyn_zdf: 3744
        tm_nemo_stp_diag: 0
        tm_nemo_dia_wri: 15584
        tm_nemo_stp_tracers: 0
        tm_nemo_tra_adv: 24412
        tm_nemo_tra_ldf: 14916
        tm_nemo_tra_zdf: 3378
        tm_nemo_stp_nxt: 0
        tm_nemo_tra_nxt: 6142
        tm_nemo_dyn_nxt: 7329
        tm_nemo_dom_vvl_sf_swp: 8091
        tm_nemo_dia_hsb: 0
