 
       CNRS - NERC - Met OFFICE - MERCATOR-ocean - CMCC - INGV
                              NEMO team
                   Ocean General Circulation Model
                         version 4.0  (2019) 
 
                         Timing Informations 
 
 
 
 
 Total timing (sum) :
 --------------------
Elapsed Time (s)  CPU Time (s)
         1513.561     5977.502
 
Averaged timing on all processors :
-----------------------------------
Section                   Elap. Time(s)  Elap. Time(%)  CPU Time(s)  CPU Time(%)  CPU/Elap Max elap(%)  Min elap(%)  Freq      Max time task
scripremap_read_sgl       0.2599183E+01    4.46            10.27       4.47        3.95          4.47      4.46       8.00          0
nemo_init                 0.2045311E+01    3.51             6.71       2.92        3.28          3.52      3.51       1.00          0
tra_adv                   0.7267561E+00    1.25             2.89       1.26        3.98          1.26      1.24      24.00         11
zdf_phy                   0.4492363E+00    0.77             1.79       0.78        3.98          0.79      0.75      24.00         14
sbc                       0.2614512E+00    0.45             0.99       0.43        3.78          0.46      0.43      24.00          9
tra_ldf                   0.2576906E+00    0.44             1.00       0.43        3.86          0.49      0.39      24.00          6
dia_wri                   0.2413244E+00    0.41             0.96       0.42        3.99          0.43      0.40      24.00         16
dyn_spg                   0.2348769E+00    0.40             0.94       0.41        3.98          0.43      0.38      24.00         19
icedyn_rhg                0.2292719E+00    0.39             0.90       0.39        3.94          0.40      0.39      24.00         14
icedyn_adv                0.2235299E+00    0.38             0.89       0.39        3.97          0.39      0.38      24.00          3
tra_nxt                   0.2193423E+00    0.38             0.87       0.38        3.99          0.45      0.31      24.00         20
ldf_slp                   0.2093184E+00    0.36             0.83       0.36        3.98          0.37      0.35      24.00          0
dia_hsb                   0.1856601E+00    0.32             0.74       0.32        3.99          0.36      0.30      24.00         19
dom_vvl_sf_swp            0.1599591E+00    0.27             0.62       0.27        3.86          0.29      0.26      24.00         10
dyn_nxt                   0.1491335E+00    0.26             0.59       0.26        3.99          0.27      0.23      24.00          9
dyn_vor                   0.1426100E+00    0.24             0.55       0.24        3.82          0.26      0.23      24.00          9
stp                       0.1044716E+00    0.18             0.53       0.23        5.05          0.20      0.16      24.00          2
tra_zdf                   0.1005659E+00    0.17             0.38       0.17        3.82          0.20      0.15      24.00          9
dom_vvl_sf_nxt            0.9880623E-01    0.17             0.37       0.16        3.74          0.18      0.16      48.00          9
div_hor                   0.9803017E-01    0.17             0.40       0.17        4.03          0.18      0.16      48.00         18
tra_qsr                   0.7994191E-01    0.14             0.32       0.14        4.01          0.15      0.13      24.00         24
icestp                    0.7473118E-01    0.13             0.30       0.13        3.97          0.14      0.11      24.00          8
stp_ctl                   0.6703056E-01    0.12             0.27       0.12        4.02          0.12      0.11      24.00          0
dyn_zdf                   0.6317130E-01    0.11             0.23       0.10        3.59          0.12      0.10      24.00          7
icethd                    0.5881934E-01    0.10             0.22       0.09        3.68          0.15      0.06      24.00         20
icecor                    0.4869100E-01    0.08             0.19       0.08        3.85          0.12      0.02      48.00         25
dyn_ldf                   0.4621666E-01    0.08             0.19       0.08        4.04          0.09      0.07      24.00          6
parinter_fld_mult         0.4363122E-01    0.07             0.16       0.07        3.75          0.10      0.05     194.00         22
icewri                    0.4046231E-01    0.07             0.16       0.07        4.04          0.11      0.02      24.00         13
dyn_keg                   0.3647613E-01    0.06             0.15       0.06        4.05          0.08      0.05      24.00         14
rab_3d                    0.3556260E-01    0.06             0.14       0.06        3.87          0.07      0.06      48.00          0
wzv                       0.3443520E-01    0.06             0.14       0.06        4.13          0.07      0.05      48.00          0
bn2                       0.3365589E-01    0.06             0.14       0.06        4.10          0.07      0.05      48.00          0
dyn_zad                   0.3244094E-01    0.06             0.13       0.06        4.06          0.07      0.05      24.00          0
eos-pot                   0.3012138E-01    0.05             0.11       0.05        3.75          0.06      0.05      48.00          9
dia_hth                   0.2714897E-01    0.05             0.11       0.05        4.06          0.05      0.05      24.00         10
icedyn_rdgrft             0.2562351E-01    0.04             0.10       0.05        4.06          0.11      0.01      24.00         16
parinter_init             0.2549031E-01    0.04             0.10       0.04        4.00          0.04      0.04       8.00          3
dyn_hpg                   0.2238291E-01    0.04             0.09       0.04        4.09          0.04      0.03      24.00          0
nemogcmcoup_lim2_update   0.1783386E-01    0.03             0.08       0.03        4.37          0.04      0.02      24.00         24
dom_hgr                   0.1556006E-01    0.03             0.06       0.03        3.93          0.03      0.02       1.00         14
zps_hde                   0.1552249E-01    0.03             0.07       0.03        4.47          0.04      0.02      24.00         17
sbc_sglcpl_ice_flx        0.1388140E-01    0.02             0.06       0.03        4.44          0.03      0.02      24.00          0
eos-insitu                0.1350507E-01    0.02             0.05       0.02        3.47          0.03      0.02      24.00         11
tra_bbl                   0.9484668E-02    0.02             0.04       0.02        4.11          0.02      0.01      24.00          6
nemogcmcoup_lim2_get      0.8999478E-02    0.02             0.04       0.02        4.62          0.02      0.01      25.00         16
nemogcmcoup_wam_get       0.8969445E-02    0.02             0.04       0.02        4.33          0.02      0.01      24.00         18
tra_bbc                   0.8457128E-02    0.01             0.04       0.02        4.27          0.02      0.01      24.00         22
icealb                    0.6489978E-02    0.01             0.02       0.01        3.37          0.01      0.01      48.00          3
ice_dyn                   0.6482570E-02    0.01             0.02       0.01        3.65          0.01      0.01      24.00          8
eos2d                     0.5380737E-02    0.01             0.03       0.01        4.90          0.02      0.00      48.00         19
nemogcmcoup_wam_update    0.5348217E-02    0.01             0.03       0.01        5.22          0.02      0.01      24.00         14
ssh_nxt                   0.4686803E-02    0.01             0.02       0.01        4.27          0.01      0.01      24.00          0
iceupdate_flx             0.4132287E-02    0.01             0.02       0.01        4.97          0.01      0.01      24.00          0
nemogcmcoup_coupinit      0.4086293E-02    0.01             0.02       0.01        3.70          0.01      0.00       1.00          6
tra_sbc                   0.2976025E-02    0.01             0.01       0.01        4.79          0.01      0.00      24.00         14
iceitd_rem                0.2868974E-02    0.00             0.02       0.01        7.30          0.01     -0.00      24.00         16
sbc_sglcpl_rcv            0.2560576E-02    0.00             0.01       0.01        4.96          0.03      0.00      24.00          0
rab_2d                    0.2309198E-02    0.00             0.01       0.01        5.04          0.01      0.00      24.00          4
icesbc                    0.2253242E-02    0.00             0.01       0.01        5.54          0.00      0.00      48.00          0
nemogcmcoup_wam_update_s  0.2197705E-02    0.00             0.01       0.01        5.53          0.00      0.00      25.00         14
iceitd_reb                0.1918294E-02    0.00             0.02       0.01       12.53          0.01      0.00      48.00          4
iceupdate_tau             0.1530983E-02    0.00             0.01       0.00        5.70          0.01      0.00      24.00          0
scripremap_dealloc        0.1477679E-02    0.00             0.01       0.00        3.70          0.00      0.00       8.00          5
nemogcmcoup_wam_coupinit  0.1220635E-02    0.00             0.00       0.00        3.15          0.00      0.00       1.00          1
scripremap_alloc          0.1137664E-02    0.00             0.00       0.00        3.92          0.00      0.00       8.00         17
 
Maximum timing over all MPI tasks :
-----------------------------------
Section                   Elap. Time(s)  Elap. Time(%)  CPU Time(s)  CPU Time(%)  CPU/Elap      Freq      Max time task
scripremap_read_sgl       0.2600336E+01    4.47            10.27       4.47        3.95          8.00          0
nemo_init                 0.2049480E+01    3.52             6.71       2.92        3.28          1.00          0
tra_adv                   0.7347854E+00    1.26             2.89       1.26        3.98         24.00         11
zdf_phy                   0.4609607E+00    0.79             1.79       0.78        3.98         24.00         14
tra_ldf                   0.2841665E+00    0.49             1.00       0.43        3.86         24.00          6
sbc                       0.2651886E+00    0.46             0.99       0.43        3.78         24.00          9
tra_nxt                   0.2616418E+00    0.45             0.87       0.38        3.99         24.00         20
dyn_spg                   0.2501810E+00    0.43             0.94       0.41        3.98         24.00         19
dia_wri                   0.2494510E+00    0.43             0.96       0.42        3.99         24.00         16
icedyn_rhg                0.2321706E+00    0.40             0.90       0.39        3.94         24.00         14
icedyn_adv                0.2259764E+00    0.39             0.89       0.39        3.97         24.00          3
ldf_slp                   0.2136052E+00    0.37             0.83       0.36        3.98         24.00          0
dia_hsb                   0.2072559E+00    0.36             0.74       0.32        3.99         24.00         19
dom_vvl_sf_swp            0.1670033E+00    0.29             0.62       0.27        3.86         24.00         10
dyn_nxt                   0.1589166E+00    0.27             0.59       0.26        3.99         24.00          9
dyn_vor                   0.1492120E+00    0.26             0.55       0.24        3.82         24.00          9
stp                       0.1166941E+00    0.20             0.53       0.23        5.05         24.00          2
tra_zdf                   0.1159412E+00    0.20             0.38       0.17        3.82         24.00          9
dom_vvl_sf_nxt            0.1055741E+00    0.18             0.37       0.16        3.74         48.00          9
div_hor                   0.1043962E+00    0.18             0.40       0.17        4.03         48.00         18
tra_qsr                   0.8589944E-01    0.15             0.32       0.14        4.01         24.00         24
icethd                    0.8479106E-01    0.15             0.22       0.09        3.68         24.00         20
icestp                    0.8384422E-01    0.14             0.30       0.13        3.97         24.00          8
icecor                    0.7198368E-01    0.12             0.19       0.08        3.85         48.00         25
dyn_zdf                   0.6919017E-01    0.12             0.23       0.10        3.59         24.00          7
stp_ctl                   0.6844370E-01    0.12             0.27       0.12        4.02         24.00          0
icewri                    0.6673284E-01    0.11             0.16       0.07        4.04         24.00         13
icedyn_rdgrft             0.6393539E-01    0.11             0.10       0.05        4.06         24.00         16
parinter_fld_mult         0.5743662E-01    0.10             0.16       0.07        3.75        194.00         22
dyn_ldf                   0.5238946E-01    0.09             0.19       0.08        4.04         24.00          6
dyn_keg                   0.4425938E-01    0.08             0.15       0.06        4.05         24.00         14
wzv                       0.4041898E-01    0.07             0.14       0.06        4.13         48.00          0
bn2                       0.3813299E-01    0.07             0.14       0.06        4.10         48.00          0
dyn_zad                   0.3810303E-01    0.07             0.13       0.06        4.06         24.00          0
rab_3d                    0.3793851E-01    0.07             0.14       0.06        3.87         48.00          0
eos-pot                   0.3288058E-01    0.06             0.11       0.05        3.75         48.00          9
dia_hth                   0.2824242E-01    0.05             0.11       0.05        4.06         24.00         10
parinter_init             0.2593959E-01    0.04             0.10       0.04        4.00          8.00          3
dyn_hpg                   0.2542038E-01    0.04             0.09       0.04        4.09         24.00          0
zps_hde                   0.2152199E-01    0.04             0.07       0.03        4.47         24.00         17
nemogcmcoup_lim2_update   0.2126816E-01    0.04             0.08       0.03        4.37         24.00         24
dom_hgr                   0.1635942E-01    0.03             0.06       0.03        3.93          1.00         14
sbc_sglcpl_ice_flx        0.1595951E-01    0.03             0.06       0.03        4.44         24.00          0
sbc_sglcpl_rcv            0.1481877E-01    0.03             0.01       0.01        4.96         24.00          0
eos-insitu                0.1467648E-01    0.03             0.05       0.02        3.47         24.00         11
nemogcmcoup_wam_get       0.1371166E-01    0.02             0.04       0.02        4.33         24.00         18
tra_bbl                   0.1098364E-01    0.02             0.04       0.02        4.11         24.00          6
eos2d                     0.1089392E-01    0.02             0.03       0.01        4.90         48.00         19
tra_bbc                   0.1062998E-01    0.02             0.04       0.02        4.27         24.00         22
nemogcmcoup_lim2_get      0.9740667E-02    0.02             0.04       0.02        4.62         25.00         16
nemogcmcoup_wam_update    0.8854796E-02    0.02             0.03       0.01        5.22         24.00         14
icealb                    0.8693340E-02    0.01             0.02       0.01        3.37         48.00          3
ice_dyn                   0.7514864E-02    0.01             0.02       0.01        3.65         24.00          8
iceitd_rem                0.6952850E-02    0.01             0.02       0.01        7.30         24.00         16
ssh_nxt                   0.5478743E-02    0.01             0.02       0.01        4.27         24.00          0
iceupdate_tau             0.4927661E-02    0.01             0.01       0.00        5.70         24.00          0
iceupdate_flx             0.4668142E-02    0.01             0.02       0.01        4.97         24.00          0
nemogcmcoup_coupinit      0.4533006E-02    0.01             0.02       0.01        3.70          1.00          6
iceitd_reb                0.4448636E-02    0.01             0.02       0.01       12.53         48.00          4
rab_2d                    0.4092702E-02    0.01             0.01       0.01        5.04         24.00          4
tra_sbc                   0.3843901E-02    0.01             0.01       0.01        4.79         24.00         14
nemogcmcoup_wam_update_s  0.2705069E-02    0.00             0.01       0.01        5.53         25.00         14
icesbc                    0.2643140E-02    0.00             0.01       0.01        5.54         48.00          0
scripremap_alloc          0.1724257E-02    0.00             0.00       0.00        3.92          8.00         17
scripremap_dealloc        0.1713764E-02    0.00             0.01       0.00        3.70          8.00          5
nemogcmcoup_wam_coupinit  0.1382362E-02    0.00             0.00       0.00        3.15          1.00          1
 
Averaged CPU time on all processors :
-------------------------------------
Section                   CPU Time(s)  CPU Time(%)    Elap. Time(s) Elap. Time(%) CPU/Elap
scripremap_read_sgl       0.1026635E+02    4.47             2.60       4.46        3.95
nemo_init                 0.6707294E+01    2.92             2.05       3.51        3.28
tra_adv                   0.2893899E+01    1.26             0.73       1.25        3.98
zdf_phy                   0.1786575E+01    0.78             0.45       0.77        3.98
tra_ldf                   0.9955284E+00    0.43             0.26       0.44        3.86
sbc                       0.9874057E+00    0.43             0.26       0.45        3.78
dia_wri                   0.9632142E+00    0.42             0.24       0.41        3.99
dyn_spg                   0.9355974E+00    0.41             0.23       0.40        3.98
icedyn_rhg                0.9042953E+00    0.39             0.23       0.39        3.94
icedyn_adv                0.8879114E+00    0.39             0.22       0.38        3.97
tra_nxt                   0.8744017E+00    0.38             0.22       0.38        3.99
ldf_slp                   0.8322924E+00    0.36             0.21       0.36        3.98
dia_hsb                   0.7407902E+00    0.32             0.19       0.32        3.99
dom_vvl_sf_swp            0.6177818E+00    0.27             0.16       0.27        3.86
dyn_nxt                   0.5946862E+00    0.26             0.15       0.26        3.99
dyn_vor                   0.5454563E+00    0.24             0.14       0.24        3.82
stp                       0.5279270E+00    0.23             0.10       0.18        5.05
div_hor                   0.3951285E+00    0.17             0.10       0.17        4.03
tra_zdf                   0.3842517E+00    0.17             0.10       0.17        3.82
dom_vvl_sf_nxt            0.3692649E+00    0.16             0.10       0.17        3.74
tra_qsr                   0.3202131E+00    0.14             0.08       0.14        4.01
icestp                    0.2968296E+00    0.13             0.07       0.13        3.97
stp_ctl                   0.2695147E+00    0.12             0.07       0.12        4.02
dyn_zdf                   0.2267009E+00    0.10             0.06       0.11        3.59
icethd                    0.2163027E+00    0.09             0.06       0.10        3.68
icecor                    0.1873475E+00    0.08             0.05       0.08        3.85
dyn_ldf                   0.1867157E+00    0.08             0.05       0.08        4.04
parinter_fld_mult         0.1637210E+00    0.07             0.04       0.07        3.75
icewri                    0.1635647E+00    0.07             0.04       0.07        4.04
dyn_keg                   0.1476868E+00    0.06             0.04       0.06        4.05
wzv                       0.1423049E+00    0.06             0.03       0.06        4.13
bn2                       0.1379190E+00    0.06             0.03       0.06        4.10
rab_3d                    0.1376313E+00    0.06             0.04       0.06        3.87
dyn_zad                   0.1316942E+00    0.06             0.03       0.06        4.06
eos-pot                   0.1130109E+00    0.05             0.03       0.05        3.75
dia_hth                   0.1103351E+00    0.05             0.03       0.05        4.06
icedyn_rdgrft             0.1041193E+00    0.05             0.03       0.04        4.06
parinter_init             0.1020855E+00    0.04             0.03       0.04        4.00
dyn_hpg                   0.9165004E-01    0.04             0.02       0.04        4.09
nemogcmcoup_lim2_update   0.7800038E-01    0.03             0.02       0.03        4.37
zps_hde                   0.6935015E-01    0.03             0.02       0.03        4.47
sbc_sglcpl_ice_flx        0.6170262E-01    0.03             0.01       0.02        4.44
dom_hgr                   0.6121873E-01    0.03             0.02       0.03        3.93
eos-insitu                0.4690658E-01    0.02             0.01       0.02        3.47
nemogcmcoup_lim2_get      0.4155742E-01    0.02             0.01       0.02        4.62
tra_bbl                   0.3897777E-01    0.02             0.01       0.02        4.11
nemogcmcoup_wam_get       0.3883100E-01    0.02             0.01       0.02        4.33
tra_bbc                   0.3608177E-01    0.02             0.01       0.01        4.27
nemogcmcoup_wam_update    0.2790962E-01    0.01             0.01       0.01        5.22
eos2d                     0.2633923E-01    0.01             0.01       0.01        4.90
iceitd_reb                0.2403638E-01    0.01             0.00       0.00       12.53
ice_dyn                   0.2364258E-01    0.01             0.01       0.01        3.65
icealb                    0.2187650E-01    0.01             0.01       0.01        3.37
iceitd_rem                0.2095442E-01    0.01             0.00       0.00        7.30
iceupdate_flx             0.2052338E-01    0.01             0.00       0.01        4.97
ssh_nxt                   0.2002827E-01    0.01             0.00       0.01        4.27
nemogcmcoup_coupinit      0.1511200E-01    0.01             0.00       0.01        3.70
tra_sbc                   0.1425973E-01    0.01             0.00       0.01        4.79
sbc_sglcpl_rcv            0.1269450E-01    0.01             0.00       0.00        4.96
icesbc                    0.1247377E-01    0.01             0.00       0.00        5.54
nemogcmcoup_wam_update_s  0.1214785E-01    0.01             0.00       0.00        5.53
rab_2d                    0.1164815E-01    0.01             0.00       0.00        5.04
iceupdate_tau             0.8722615E-02    0.00             0.00       0.00        5.70
scripremap_dealloc        0.5468500E-02    0.00             0.00       0.00        3.70
scripremap_alloc          0.4458308E-02    0.00             0.00       0.00        3.92
nemogcmcoup_wam_coupinit  0.3844269E-02    0.00             0.00       0.00        3.15
 
Averaged inclusive timing on all processors :
---------------------------------------------
Section                   Elap. Time(s)  Elap. Time(%)  CPU Time(s)  CPU Time(%)  CPU/Elap Max elap(%)  Min elap(%)  Freq      Max time task
stp                       0.4974997E+01    8.55            19.70       8.57        3.96          0.20      0.16      24.00          2
scripremap_read_sgl       0.2600443E+01    4.47            10.27       4.47        3.95          4.47      4.46       8.00          0
nemogcmcoup_coupinit      0.2323285E+01    3.99             9.18       3.99        3.95          0.01      0.00       1.00          6
nemo_init                 0.2060921E+01    3.54             6.77       2.94        3.28          3.52      3.51       1.00          0
sbc                       0.1028475E+01    1.77             4.02       1.75        3.91          0.46      0.43      24.00          9
icestp                    0.7467436E+00    1.28             2.96       1.29        3.96          0.14      0.11      24.00          8
tra_adv                   0.7270772E+00    1.25             2.89       1.26        3.98          1.26      1.24      24.00         11
ice_dyn                   0.4929765E+00    0.85             1.94       0.85        3.94          0.01      0.01      24.00          8
zdf_phy                   0.4495574E+00    0.77             1.79       0.78        3.97          0.79      0.75      24.00         14
nemogcmcoup_wam_coupinit  0.3094558E+00    0.53             1.22       0.53        3.95          0.00      0.00       1.00          1
tra_ldf                   0.2580116E+00    0.44             1.00       0.43        3.86          0.49      0.39      24.00          6
dia_wri                   0.2416454E+00    0.42             0.96       0.42        3.99          0.43      0.40      24.00         16
dyn_spg                   0.2351979E+00    0.40             0.94       0.41        3.98          0.43      0.38      24.00         19
icedyn_rhg                0.2295929E+00    0.39             0.90       0.39        3.94          0.40      0.39      24.00         14
icedyn_adv                0.2238509E+00    0.38             0.89       0.39        3.97          0.39      0.38      24.00          3
tra_nxt                   0.2196634E+00    0.38             0.87       0.38        3.98          0.45      0.31      24.00         20
ldf_slp                   0.2096395E+00    0.36             0.83       0.36        3.97          0.37      0.35      24.00          0
dia_hsb                   0.1859812E+00    0.32             0.74       0.32        3.98          0.36      0.30      24.00         19
dom_vvl_sf_swp            0.1602801E+00    0.28             0.62       0.27        3.85          0.29      0.26      24.00         10
dyn_nxt                   0.1494545E+00    0.26             0.59       0.26        3.98          0.27      0.23      24.00          9
dyn_vor                   0.1429311E+00    0.25             0.55       0.24        3.82          0.26      0.23      24.00          9
icethd                    0.1074397E+00    0.18             0.43       0.19        3.96          0.15      0.06      24.00         20
tra_zdf                   0.1008870E+00    0.17             0.38       0.17        3.81          0.20      0.15      24.00          9
dom_vvl_sf_nxt            0.9944837E-01    0.17             0.37       0.16        3.71          0.18      0.16      48.00          9
div_hor                   0.9867230E-01    0.17             0.40       0.17        4.00          0.18      0.16      48.00         18
tra_qsr                   0.8026298E-01    0.14             0.32       0.14        3.99          0.15      0.13      24.00         24
stp_ctl                   0.6735163E-01    0.12             0.27       0.12        4.00          0.12      0.11      24.00          0
dyn_zdf                   0.6349236E-01    0.11             0.23       0.10        3.57          0.12      0.10      24.00          7
ssh_nxt                   0.5521249E-01    0.09             0.22       0.10        4.00          0.01      0.01      24.00          0
icecor                    0.5189357E-01    0.09             0.21       0.09        4.07          0.12      0.02      48.00         25
dyn_ldf                   0.4653772E-01    0.08             0.19       0.08        4.01          0.09      0.07      24.00          6
parinter_fld_mult         0.4622652E-01    0.08             0.16       0.07        3.54          0.10      0.05     194.00         22
nemogcmcoup_lim2_update   0.4615470E-01    0.08             0.18       0.08        4.01          0.04      0.02      24.00         24
icewri                    0.4078338E-01    0.07             0.16       0.07        4.01          0.11      0.02      24.00         13
dyn_keg                   0.3679720E-01    0.06             0.15       0.06        4.01          0.08      0.05      24.00         14
rab_3d                    0.3620474E-01    0.06             0.14       0.06        3.80          0.07      0.06      48.00          0
wzv                       0.3507734E-01    0.06             0.14       0.06        4.06          0.07      0.05      48.00          0
bn2                       0.3429803E-01    0.06             0.14       0.06        4.02          0.07      0.05      48.00          0
dyn_zad                   0.3276201E-01    0.06             0.13       0.06        4.02          0.07      0.05      24.00          0
eos-pot                   0.3076351E-01    0.05             0.11       0.05        3.67          0.06      0.05      48.00          9
dia_hth                   0.2747003E-01    0.05             0.11       0.05        4.02          0.05      0.05      24.00         10
icedyn_rdgrft             0.2594458E-01    0.04             0.10       0.05        4.01          0.11      0.01      24.00         16
parinter_init             0.2559733E-01    0.04             0.10       0.04        3.99          0.04      0.04       8.00          3
dyn_hpg                   0.2270398E-01    0.04             0.09       0.04        4.04          0.04      0.03      24.00          0
zps_hde                   0.2186643E-01    0.04             0.10       0.04        4.38          0.04      0.02      24.00         17
icesbc                    0.2069416E-01    0.04             0.08       0.04        4.09          0.00      0.00      48.00          0
nemogcmcoup_lim2_get      0.1737263E-01    0.03             0.06       0.03        3.55          0.02      0.01      25.00         16
dom_hgr                   0.1557344E-01    0.03             0.06       0.03        3.93          0.03      0.02       1.00         14
sbc_sglcpl_ice_flx        0.1420247E-01    0.02             0.06       0.03        4.34          0.03      0.02      24.00          0
eos-insitu                0.1382614E-01    0.02             0.05       0.02        3.39          0.03      0.02      24.00         11
tra_bbl                   0.1243600E-01    0.02             0.05       0.02        4.07          0.02      0.01      24.00          6
nemogcmcoup_wam_get       0.1104102E-01    0.02             0.04       0.02        4.07          0.02      0.01      24.00         18
nemogcmcoup_wam_update    0.1030957E-01    0.02             0.04       0.02        4.33          0.02      0.01      24.00         14
tra_bbc                   0.8778196E-02    0.02             0.04       0.02        4.11          0.02      0.01      24.00         22
iceupdate_flx             0.7945619E-02    0.01             0.03       0.01        4.13          0.01      0.01      24.00          0
icealb                    0.7132113E-02    0.01             0.02       0.01        3.07          0.01      0.01      48.00          3
eos2d                     0.6022872E-02    0.01             0.03       0.01        4.37          0.02      0.00      48.00         19
nemogcmcoup_wam_update_s  0.3571311E-02    0.01             0.02       0.01        4.54          0.00      0.00      25.00         14
tra_sbc                   0.3297092E-02    0.01             0.01       0.01        4.32          0.01      0.00      24.00         14
iceitd_rem                0.3190041E-02    0.01             0.02       0.01        6.57          0.01     -0.00      24.00         16
sbc_sglcpl_rcv            0.2881644E-02    0.00             0.01       0.01        4.41          0.03      0.00      24.00          0
rab_2d                    0.2630266E-02    0.00             0.01       0.01        4.43          0.01      0.00      24.00          4
iceitd_reb                0.2560429E-02    0.00             0.02       0.01        9.39          0.01      0.00      48.00          4
iceupdate_tau             0.1852051E-02    0.00             0.01       0.00        4.71          0.01      0.00      24.00          0
scripremap_dealloc        0.1366533E-02    0.00             0.01       0.00        4.27          0.00      0.00       8.00          5
scripremap_alloc          0.1043908E-02    0.00             0.00       0.00        4.41          0.00      0.00       8.00         17
 
Averaged inclusive CPU time on all processors :
-----------------------------------------------
Section                   CPU Time(s)  CPU Time(%)    Elap. Time(s) Elap. Time(%) CPU/Elap
stp                       0.5279270E+00    0.23             0.10       0.18        5.05
scripremap_read_sgl       0.1026635E+02    4.47             2.60       4.46        3.95
nemogcmcoup_coupinit      0.1511200E-01    0.01             0.00       0.01        3.70
nemo_init                 0.6707294E+01    2.92             2.05       3.51        3.28
sbc                       0.9874057E+00    0.43             0.26       0.45        3.78
icestp                    0.2968296E+00    0.13             0.07       0.13        3.97
tra_adv                   0.2893899E+01    1.26             0.73       1.25        3.98
ice_dyn                   0.2364258E-01    0.01             0.01       0.01        3.65
zdf_phy                   0.1786575E+01    0.78             0.45       0.77        3.98
nemogcmcoup_wam_coupinit  0.3844269E-02    0.00             0.00       0.00        3.15
tra_ldf                   0.9955284E+00    0.43             0.26       0.44        3.86
dia_wri                   0.9632142E+00    0.42             0.24       0.41        3.99
dyn_spg                   0.9355974E+00    0.41             0.23       0.40        3.98
icedyn_rhg                0.9042953E+00    0.39             0.23       0.39        3.94
icedyn_adv                0.8879114E+00    0.39             0.22       0.38        3.97
tra_nxt                   0.8744017E+00    0.38             0.22       0.38        3.99
ldf_slp                   0.8322924E+00    0.36             0.21       0.36        3.98
dia_hsb                   0.7407902E+00    0.32             0.19       0.32        3.99
dom_vvl_sf_swp            0.6177818E+00    0.27             0.16       0.27        3.86
dyn_nxt                   0.5946862E+00    0.26             0.15       0.26        3.99
dyn_vor                   0.5454563E+00    0.24             0.14       0.24        3.82
icethd                    0.2163027E+00    0.09             0.06       0.10        3.68
div_hor                   0.3951285E+00    0.17             0.10       0.17        4.03
tra_zdf                   0.3842517E+00    0.17             0.10       0.17        3.82
dom_vvl_sf_nxt            0.3692649E+00    0.16             0.10       0.17        3.74
tra_qsr                   0.3202131E+00    0.14             0.08       0.14        4.01
stp_ctl                   0.2695147E+00    0.12             0.07       0.12        4.02
dyn_zdf                   0.2267009E+00    0.10             0.06       0.11        3.59
ssh_nxt                   0.2002827E-01    0.01             0.00       0.01        4.27
icecor                    0.1873475E+00    0.08             0.05       0.08        3.85
dyn_ldf                   0.1867157E+00    0.08             0.05       0.08        4.04
nemogcmcoup_lim2_update   0.7800038E-01    0.03             0.02       0.03        4.37
parinter_fld_mult         0.1637210E+00    0.07             0.04       0.07        3.75
icewri                    0.1635647E+00    0.07             0.04       0.07        4.04
dyn_keg                   0.1476868E+00    0.06             0.04       0.06        4.05
wzv                       0.1423049E+00    0.06             0.03       0.06        4.13
bn2                       0.1379190E+00    0.06             0.03       0.06        4.10
rab_3d                    0.1376313E+00    0.06             0.04       0.06        3.87
dyn_zad                   0.1316942E+00    0.06             0.03       0.06        4.06
eos-pot                   0.1130109E+00    0.05             0.03       0.05        3.75
dia_hth                   0.1103351E+00    0.05             0.03       0.05        4.06
icedyn_rdgrft             0.1041193E+00    0.05             0.03       0.04        4.06
parinter_init             0.1020855E+00    0.04             0.03       0.04        4.00
zps_hde                   0.6935015E-01    0.03             0.02       0.03        4.47
dyn_hpg                   0.9165004E-01    0.04             0.02       0.04        4.09
icesbc                    0.1247377E-01    0.01             0.00       0.00        5.54
sbc_sglcpl_ice_flx        0.6170262E-01    0.03             0.01       0.02        4.44
nemogcmcoup_lim2_get      0.4155742E-01    0.02             0.01       0.02        4.62
dom_hgr                   0.6121873E-01    0.03             0.02       0.03        3.93
tra_bbl                   0.3897777E-01    0.02             0.01       0.02        4.11
eos-insitu                0.4690658E-01    0.02             0.01       0.02        3.47
nemogcmcoup_wam_get       0.3883100E-01    0.02             0.01       0.02        4.33
nemogcmcoup_wam_update    0.2790962E-01    0.01             0.01       0.01        5.22
tra_bbc                   0.3608177E-01    0.02             0.01       0.01        4.27
iceupdate_flx             0.2052338E-01    0.01             0.00       0.01        4.97
eos2d                     0.2633923E-01    0.01             0.01       0.01        4.90
iceitd_reb                0.2403638E-01    0.01             0.00       0.00       12.53
icealb                    0.2187650E-01    0.01             0.01       0.01        3.37
iceitd_rem                0.2095442E-01    0.01             0.00       0.00        7.30
nemogcmcoup_wam_update_s  0.1214785E-01    0.01             0.00       0.00        5.53
tra_sbc                   0.1425973E-01    0.01             0.00       0.01        4.79
sbc_sglcpl_rcv            0.1269450E-01    0.01             0.00       0.00        4.96
rab_2d                    0.1164815E-01    0.01             0.00       0.00        5.04
iceupdate_tau             0.8722615E-02    0.00             0.00       0.00        5.70
scripremap_dealloc        0.5468500E-02    0.00             0.00       0.00        3.70
scripremap_alloc          0.4458308E-02    0.00             0.00       0.00        3.92
 
 MPI summary report :
 --------------------

 Process Rank | Elapsed Time (s) | CPU Time (s) | Ratio CPU/Elapsed
 -------------|------------------|--------------|------------------
         0    |      58.218      |     227.160  |      3.902
         1    |      58.213      |     229.933  |      3.950
         2    |      58.213      |     229.951  |      3.950
         3    |      58.218      |     229.950  |      3.950
         4    |      58.217      |     229.953  |      3.950
         5    |      58.216      |     229.954  |      3.950
         6    |      58.216      |     229.964  |      3.950
         7    |      58.215      |     229.975  |      3.950
         8    |      58.212      |     229.946  |      3.950
         9    |      58.211      |     229.960  |      3.950
        10    |      58.212      |     229.943  |      3.950
        11    |      58.210      |     229.923  |      3.950
        12    |      58.209      |     229.925  |      3.950
        13    |      58.205      |     229.916  |      3.950
        14    |      58.214      |     230.087  |      3.952
        15    |      58.211      |     230.071  |      3.952
        16    |      58.210      |     230.080  |      3.953
        17    |      58.209      |     230.057  |      3.952
        18    |      58.220      |     230.096  |      3.952
        19    |      58.205      |     230.053  |      3.952
        20    |      58.219      |     230.105  |      3.952
        21    |      58.216      |     230.105  |      3.953
        22    |      58.218      |     230.105  |      3.952
        23    |      58.218      |     230.084  |      3.952
        24    |      58.214      |     230.116  |      3.953
        25    |      58.220      |     230.091  |      3.952
 -------------|------------------|--------------|------------------
 Total        |    1513.561      |    5977.502  |      3.949
 -------------|------------------|--------------|------------------
 Minimum      |      58.205      |     227.160  |      3.902
 -------------|------------------|--------------|------------------
 Maximum      |      58.220      |     230.116  |      3.953
 -------------|------------------|--------------|------------------
 Average      |      58.214      |     229.904  |      3.949
 
 Detailed timing for proc :           0
 --------------------------
 Section                     Elapsed Time (s)  Elapsed Time (%)  CPU Time(s)  
 CPU Time (%)  CPU/Elapsed  Frequency
 scripremap_read_sgl                2.600             4.467        7.965         3.506        3.063          8
 nemo_init                          2.049             3.520        6.721         2.959        3.279          1
 tra_adv                            0.726             1.247        2.887         1.271        3.977         24
 zdf_phy                            0.444             0.763        1.763         0.776        3.970         24
 tra_ldf                            0.281             0.482        1.082         0.476        3.857         24
 sbc                                0.251             0.431        0.945         0.416        3.765         24
 dia_wri                            0.236             0.406        0.940         0.414        3.983         24
 icedyn_rhg                         0.228             0.392        0.897         0.395        3.931         24
 icedyn_adv                         0.225             0.386        0.892         0.393        3.965         24
 dyn_spg                            0.222             0.382        0.884         0.389        3.975         24
 ldf_slp                            0.214             0.367        0.847         0.373        3.966         24
 tra_nxt                            0.195             0.335        0.777         0.342        3.978         24
 dia_hsb                            0.175             0.301        0.697         0.307        3.979         24
 dom_vvl_sf_swp                     0.164             0.282        0.632         0.278        3.843         24
 dyn_nxt                            0.151             0.259        0.601         0.264        3.975         24
 dyn_vor                            0.139             0.239        0.529         0.233        3.804         24
 tra_zdf                            0.110             0.189        0.423         0.186        3.851         24
 dom_vvl_sf_nxt                     0.103             0.177        0.388         0.171        3.767         48
 stp                                0.098             0.169        0.517         0.227        5.258         24
 div_hor                            0.096             0.165        0.385         0.170        4.002         48
 tra_qsr                            0.076             0.131        0.305         0.134        3.990         24
 icestp                             0.076             0.130        0.304         0.134        4.014         24
 dyn_zdf                            0.069             0.118        0.249         0.110        3.613         24
 stp_ctl                            0.068             0.118        0.273         0.120        3.985         24
 icewri                             0.065             0.112        0.262         0.115        3.994         24
 icecor                             0.052             0.090        0.196         0.086        3.749         48
 dyn_ldf                            0.050             0.085        0.198         0.087        4.006         24
 parinter_fld_mult                  0.046             0.079        0.162         0.071        3.512        194
 wzv                                0.040             0.069        0.163         0.072        4.033         48
 bn2                                0.038             0.065        0.158         0.070        4.152         48
 dyn_zad                            0.038             0.065        0.153         0.067        4.009         24
 rab_3d                             0.038             0.065        0.141         0.062        3.708         48
 icethd                             0.037             0.064        0.132         0.058        3.560         24
 dyn_keg                            0.034             0.059        0.138         0.061        4.008         24
 eos-pot                            0.032             0.056        0.119         0.052        3.683         48
 dia_hth                            0.028             0.048        0.112         0.049        4.012         24
 dyn_hpg                            0.025             0.044        0.102         0.045        4.025         24
 parinter_init                      0.025             0.044        0.101         0.045        3.986          8
 nemogcmcoup_lim2_update            0.019             0.033        0.085         0.038        4.372         24
 sbc_sglcpl_ice_flx                 0.016             0.027        0.070         0.031        4.411         24
 sbc_sglcpl_rcv                     0.015             0.025        0.060         0.026        4.049         24
 eos-insitu                         0.014             0.025        0.049         0.021        3.383         24
 dom_hgr                            0.014             0.024        0.055         0.024        3.937          1
 icedyn_rdgrft                      0.014             0.023        0.055         0.024        4.043         24
 zps_hde                            0.013             0.023        0.061         0.027        4.574         24
 tra_bbl                            0.010             0.017        0.041         0.018        4.029         24
 nemogcmcoup_lim2_get               0.008             0.014        0.040         0.017        4.858         25
 tra_bbc                            0.008             0.014        0.033         0.014        4.102         24
 icealb                             0.007             0.012        0.016         0.007        2.309         48
 ice_dyn                            0.006             0.011        0.025         0.011        4.010         24
 eos2d                              0.006             0.010        0.024         0.011        4.376         48
 ssh_nxt                            0.005             0.009        0.022         0.010        4.086         24
 iceupdate_tau                      0.005             0.008        0.021         0.009        4.211         24
 nemogcmcoup_wam_update             0.005             0.008        0.025         0.011        5.216         24
 iceupdate_flx                      0.005             0.008        0.025         0.011        5.457         24
 nemogcmcoup_wam_get                0.004             0.007        0.021         0.009        5.208         24
 tra_sbc                            0.004             0.006        0.016         0.007        4.281         24
 iceitd_reb                         0.003             0.006        0.026         0.012        7.711         48
 icesbc                             0.003             0.005        0.012         0.005        4.586         48
 nemogcmcoup_wam_update_s           0.003             0.004        0.013         0.006        4.958         25
 rab_2d                             0.002             0.004        0.011         0.005        4.412         24
 iceitd_rem                         0.002             0.004        0.015         0.007        7.043         24
 scripremap_dealloc                 0.001             0.003        0.006         0.002        3.762          8
 nemogcmcoup_wam_coupinit           0.001             0.002        0.004         0.002        3.312          1
 
 Detailed CPU timing for proc :           0
 ------------------------------
 Section                     CPU Time (s)      CPU Time (%)      Elapsed (s)  
 ELapsed (%)   CPU/Elapsed  Frequency
 scripremap_read_sgl                7.965             3.506        2.600         4.467        3.063          8
 nemo_init                          6.721             2.959        2.049         3.520        3.279          1
 tra_adv                            2.887             1.271        0.726         1.247        3.977         24
 zdf_phy                            1.763             0.776        0.444         0.763        3.970         24
 tra_ldf                            1.082             0.476        0.281         0.482        3.857         24
 sbc                                0.945             0.416        0.251         0.431        3.765         24
 dia_wri                            0.940             0.414        0.236         0.406        3.983         24
 icedyn_rhg                         0.897             0.395        0.228         0.392        3.931         24
 icedyn_adv                         0.892             0.393        0.225         0.386        3.965         24
 dyn_spg                            0.884             0.389        0.222         0.382        3.975         24
 ldf_slp                            0.847             0.373        0.214         0.367        3.966         24
 tra_nxt                            0.777             0.342        0.195         0.335        3.978         24
 dia_hsb                            0.697             0.307        0.175         0.301        3.979         24
 dom_vvl_sf_swp                     0.632             0.278        0.164         0.282        3.843         24
 dyn_nxt                            0.601             0.264        0.151         0.259        3.975         24
 dyn_vor                            0.529             0.233        0.139         0.239        3.804         24
 stp                                0.517             0.227        0.098         0.169        5.258         24
 tra_zdf                            0.423             0.186        0.110         0.189        3.851         24
 dom_vvl_sf_nxt                     0.388             0.171        0.103         0.177        3.767         48
 div_hor                            0.385             0.170        0.096         0.165        4.002         48
 tra_qsr                            0.305             0.134        0.076         0.131        3.990         24
 icestp                             0.304             0.134        0.076         0.130        4.014         24
 stp_ctl                            0.273             0.120        0.068         0.118        3.985         24
 icewri                             0.262             0.115        0.065         0.112        3.994         24
 dyn_zdf                            0.249             0.110        0.069         0.118        3.613         24
 dyn_ldf                            0.198             0.087        0.050         0.085        4.006         24
 icecor                             0.196             0.086        0.052         0.090        3.749         48
 wzv                                0.163             0.072        0.040         0.069        4.033         48
 parinter_fld_mult                  0.162             0.071        0.046         0.079        3.512        194
 bn2                                0.158             0.070        0.038         0.065        4.152         48
 dyn_zad                            0.153             0.067        0.038         0.065        4.009         24
 rab_3d                             0.141             0.062        0.038         0.065        3.708         48
 dyn_keg                            0.138             0.061        0.034         0.059        4.008         24
 icethd                             0.132             0.058        0.037         0.064        3.560         24
 eos-pot                            0.119             0.052        0.032         0.056        3.683         48
 dia_hth                            0.112             0.049        0.028         0.048        4.012         24
 dyn_hpg                            0.102             0.045        0.025         0.044        4.025         24
 parinter_init                      0.101             0.045        0.025         0.044        3.986          8
 nemogcmcoup_lim2_update            0.085             0.038        0.019         0.033        4.372         24
 sbc_sglcpl_ice_flx                 0.070             0.031        0.016         0.027        4.411         24
 zps_hde                            0.061             0.027        0.013         0.023        4.574         24
 sbc_sglcpl_rcv                     0.060             0.026        0.015         0.025        4.049         24
 icedyn_rdgrft                      0.055             0.024        0.014         0.023        4.043         24
 dom_hgr                            0.055             0.024        0.014         0.024        3.937          1
 eos-insitu                         0.049             0.021        0.014         0.025        3.383         24
 tra_bbl                            0.041             0.018        0.010         0.017        4.029         24
 nemogcmcoup_lim2_get               0.040             0.017        0.008         0.014        4.858         25
 tra_bbc                            0.033             0.014        0.008         0.014        4.102         24
 iceitd_reb                         0.026             0.012        0.003         0.006        7.711         48
 iceupdate_flx                      0.025             0.011        0.005         0.008        5.457         24
 nemogcmcoup_wam_update             0.025             0.011        0.005         0.008        5.216         24
 ice_dyn                            0.025             0.011        0.006         0.011        4.010         24
 eos2d                              0.024             0.011        0.006         0.010        4.376         48
 ssh_nxt                            0.022             0.010        0.005         0.009        4.086         24
 nemogcmcoup_wam_get                0.021             0.009        0.004         0.007        5.208         24
 iceupdate_tau                      0.021             0.009        0.005         0.008        4.211         24
 tra_sbc                            0.016             0.007        0.004         0.006        4.281         24
 icealb                             0.016             0.007        0.007         0.012        2.309         48
 iceitd_rem                         0.015             0.007        0.002         0.004        7.043         24
 nemogcmcoup_wam_update_s           0.013             0.006        0.003         0.004        4.958         25
 icesbc                             0.012             0.005        0.003         0.005        4.586         48
 rab_2d                             0.011             0.005        0.002         0.004        4.412         24
 scripremap_dealloc                 0.006             0.002        0.001         0.003        3.762          8
 nemogcmcoup_wam_coupinit           0.004             0.002        0.001         0.002        3.312          1
 
 Inclusive timing for proc :           0
 ---------------------------
 Section                     Elapsed Time (s)      % of total        
 CPU Time (s)      CPU/Elapsed      Frequency
 stp                                4.976           100.000            19.682             3.956             24
 scripremap_read_sgl                2.601            52.264             7.966             3.063              8
 nemogcmcoup_coupinit               2.320            46.633             7.091             3.056              1
 nemo_init                          2.063            41.469             6.776             3.284              1
 sbc                                1.031            20.721             4.023             3.901             24
 icestp                             0.747            15.005             2.950             3.951             24
 tra_adv                            0.726            14.595             2.887             3.976             24
 ice_dyn                            0.481             9.661             1.891             3.934             24
 zdf_phy                            0.444             8.926             1.763             3.969             24
 nemogcmcoup_wam_coupinit           0.309             6.218             0.989             3.198              1
 tra_ldf                            0.281             5.640             1.082             3.855             24
 dia_wri                            0.236             4.748             0.940             3.981             24
 icedyn_rhg                         0.228             4.587             0.897             3.929             24
 icedyn_adv                         0.225             4.523             0.892             3.962             24
 dyn_spg                            0.223             4.474             0.884             3.973             24
 ldf_slp                            0.214             4.295             0.847             3.964             24
 tra_nxt                            0.195             3.926             0.777             3.976             24
 dia_hsb                            0.175             3.521             0.697             3.976             24
 dom_vvl_sf_swp                     0.164             3.305             0.632             3.841             24
 dyn_nxt                            0.151             3.038             0.601             3.972             24
 dyn_vor                            0.139             2.795             0.529             3.801             24
 tra_zdf                            0.110             2.210             0.423             3.847             24
 dom_vvl_sf_nxt                     0.103             2.074             0.388             3.758             48
 div_hor                            0.097             1.941             0.385             3.992             48
 icethd                             0.088             1.775             0.347             3.930             24
 tra_qsr                            0.076             1.537             0.305             3.983             24
 dyn_adv                            0.073             1.475             0.292             3.984             24
 dyn_zdf                            0.069             1.387             0.249             3.607             24
 stp_ctl                            0.069             1.378             0.273             3.978             24
 icewri                             0.066             1.318             0.262             3.987             24
 icecor                             0.056             1.129             0.222             3.958             48
 ssh_nxt                            0.055             1.100             0.219             3.993             24
 dyn_ldf                            0.050             0.998             0.198             3.996             24
 parinter_fld_mult                  0.047             0.945             0.162             3.440            194
 nemogcmcoup_lim2_update            0.046             0.931             0.185             3.997             24
 wzv                                0.041             0.817             0.163             4.009             48
 bn2                                0.038             0.771             0.158             4.126             48
 dyn_zad                            0.038             0.768             0.153             3.997             24
 rab_3d                             0.038             0.767             0.141             3.684             48
 dyn_keg                            0.035             0.693             0.138             3.994             24
 eos-pot                            0.033             0.655             0.119             3.656             48
 dia_hth                            0.028             0.564             0.112             3.995             24
 dyn_hpg                            0.026             0.513             0.102             4.006             24
 parinter_init                      0.025             0.511             0.101             3.980              8
 icesbc                             0.023             0.459             0.092             4.029             48
 zps_hde                            0.019             0.387             0.085             4.431             24
 nemogcmcoup_lim2_get               0.018             0.353             0.063             3.595             25
 sbc_sglcpl_ice_flx                 0.016             0.323             0.070             4.378             24
 sbc_sglcpl_rcv                     0.015             0.300             0.060             4.017             24
 eos-insitu                         0.015             0.292             0.049             3.355             24
 dom_hgr                            0.014             0.279             0.055             3.936              1
 icedyn_rdgrft                      0.014             0.277             0.055             4.008             24
 tra_bbl                            0.013             0.257             0.051             4.025             24
 nemogcmcoup_wam_update             0.010             0.205             0.044             4.314             24
 iceupdate_flx                      0.008             0.166             0.033             4.037             24
 tra_bbc                            0.008             0.163             0.033             4.041             24
 icealb                             0.007             0.144             0.016             2.231             48
 nemogcmcoup_wam_get                0.006             0.120             0.026             4.418             24
 eos2d                              0.006             0.117             0.024             4.196             48
 iceupdate_tau                      0.005             0.101             0.021             4.111             24
 tra_sbc                            0.004             0.078             0.016             4.149             24
 nemogcmcoup_wam_update_s           0.004             0.077             0.017             4.378             25
 iceitd_reb                         0.004             0.073             0.026             7.205             48
 nemogcmcoup_update                 0.004             0.073             0.015             4.017             24
 rab_2d                             0.003             0.051             0.011             4.202             24
 iceitd_rem                         0.002             0.046             0.015             6.673             24
 scripremap_dealloc                 0.002             0.031             0.006             4.132              8
 
 Inclusive timing for proc :           0
 ---------------------------
 Section                     Elapsed Time (s)      % of total        
 CPU Time (s)      CPU/Elapsed      Frequency
 stp                                4.976           100.000            19.682             3.956             24
 scripremap_read_sgl                2.601            52.264             7.966             3.063              8
 nemogcmcoup_coupinit               2.320            46.633             7.091             3.056              1
 nemo_init                          2.063            41.469             6.776             3.284              1
 sbc                                1.031            20.721             4.023             3.901             24
 icestp                             0.747            15.005             2.950             3.951             24
 tra_adv                            0.726            14.595             2.887             3.976             24
 ice_dyn                            0.481             9.661             1.891             3.934             24
 zdf_phy                            0.444             8.926             1.763             3.969             24
 nemogcmcoup_wam_coupinit           0.309             6.218             0.989             3.198              1
 tra_ldf                            0.281             5.640             1.082             3.855             24
 dia_wri                            0.236             4.748             0.940             3.981             24
 icedyn_rhg                         0.228             4.587             0.897             3.929             24
 icedyn_adv                         0.225             4.523             0.892             3.962             24
 dyn_spg                            0.223             4.474             0.884             3.973             24
 ldf_slp                            0.214             4.295             0.847             3.964             24
 tra_nxt                            0.195             3.926             0.777             3.976             24
 dia_hsb                            0.175             3.521             0.697             3.976             24
 dom_vvl_sf_swp                     0.164             3.305             0.632             3.841             24
 dyn_nxt                            0.151             3.038             0.601             3.972             24
 dyn_vor                            0.139             2.795             0.529             3.801             24
 tra_zdf                            0.110             2.210             0.423             3.847             24
 dom_vvl_sf_nxt                     0.103             2.074             0.388             3.758             48
 div_hor                            0.097             1.941             0.385             3.992             48
 icethd                             0.088             1.775             0.347             3.930             24
 tra_qsr                            0.076             1.537             0.305             3.983             24
 dyn_adv                            0.073             1.475             0.292             3.984             24
 dyn_zdf                            0.069             1.387             0.249             3.607             24
 stp_ctl                            0.069             1.378             0.273             3.978             24
 icewri                             0.066             1.318             0.262             3.987             24
 icecor                             0.056             1.129             0.222             3.958             48
 ssh_nxt                            0.055             1.100             0.219             3.993             24
 dyn_ldf                            0.050             0.998             0.198             3.996             24
 parinter_fld_mult                  0.047             0.945             0.162             3.440            194
 nemogcmcoup_lim2_update            0.046             0.931             0.185             3.997             24
 wzv                                0.041             0.817             0.163             4.009             48
 bn2                                0.038             0.771             0.158             4.126             48
 dyn_zad                            0.038             0.768             0.153             3.997             24
 rab_3d                             0.038             0.767             0.141             3.684             48
 dyn_keg                            0.035             0.693             0.138             3.994             24
 eos-pot                            0.033             0.655             0.119             3.656             48
 dia_hth                            0.028             0.564             0.112             3.995             24
 dyn_hpg                            0.026             0.513             0.102             4.006             24
 parinter_init                      0.025             0.511             0.101             3.980              8
 icesbc                             0.023             0.459             0.092             4.029             48
 zps_hde                            0.019             0.387             0.085             4.431             24
 nemogcmcoup_lim2_get               0.018             0.353             0.063             3.595             25
 sbc_sglcpl_ice_flx                 0.016             0.323             0.070             4.378             24
 sbc_sglcpl_rcv                     0.015             0.300             0.060             4.017             24
 eos-insitu                         0.015             0.292             0.049             3.355             24
 dom_hgr                            0.014             0.279             0.055             3.936              1
 icedyn_rdgrft                      0.014             0.277             0.055             4.008             24
 tra_bbl                            0.013             0.257             0.051             4.025             24
 nemogcmcoup_wam_update             0.010             0.205             0.044             4.314             24
 iceupdate_flx                      0.008             0.166             0.033             4.037             24
 tra_bbc                            0.008             0.163             0.033             4.041             24
 icealb                             0.007             0.144             0.016             2.231             48
 nemogcmcoup_wam_get                0.006             0.120             0.026             4.418             24
 eos2d                              0.006             0.117             0.024             4.196             48
 iceupdate_tau                      0.005             0.101             0.021             4.111             24
 tra_sbc                            0.004             0.078             0.016             4.149             24
 nemogcmcoup_wam_update_s           0.004             0.077             0.017             4.378             25
 iceitd_reb                         0.004             0.073             0.026             7.205             48
 nemogcmcoup_update                 0.004             0.073             0.015             4.017             24
 rab_2d                             0.003             0.051             0.011             4.202             24
 iceitd_rem                         0.002             0.046             0.015             6.673             24
 scripremap_dealloc                 0.002             0.031             0.006             4.132              8
 
 Inclusive CPU time for proc :           0
 -----------------------------
 Section                     CPU time (s)          % of total        
 Elapsed Time (s)  CPU/Elapsed      Frequency
 stp                               19.682           100.000             4.976             3.956             24
 scripremap_read_sgl                7.966            40.473             2.601             3.063              8
 nemogcmcoup_coupinit               7.091            36.030             2.320             3.056              1
 nemo_init                          6.776            34.426             2.063             3.284              1
 sbc                                4.023            20.437             1.031             3.901             24
 icestp                             2.950            14.987             0.747             3.951             24
 tra_adv                            2.887            14.670             0.726             3.976             24
 ice_dyn                            1.891             9.607             0.481             3.934             24
 zdf_phy                            1.763             8.957             0.444             3.969             24
 tra_ldf                            1.082             5.497             0.281             3.855             24
 nemogcmcoup_wam_coupinit           0.989             5.027             0.309             3.198              1
 dia_wri                            0.940             4.778             0.236             3.981             24
 icedyn_rhg                         0.897             4.556             0.228             3.929             24
 icedyn_adv                         0.892             4.531             0.225             3.962             24
 dyn_spg                            0.884             4.493             0.223             3.973             24
 ldf_slp                            0.847             4.304             0.214             3.964             24
 tra_nxt                            0.777             3.946             0.195             3.976             24
 dia_hsb                            0.697             3.539             0.175             3.976             24
 dom_vvl_sf_swp                     0.632             3.209             0.164             3.841             24
 dyn_nxt                            0.601             3.051             0.151             3.972             24
 dyn_vor                            0.529             2.686             0.139             3.801             24
 tra_zdf                            0.423             2.149             0.110             3.847             24
 dom_vvl_sf_nxt                     0.388             1.971             0.103             3.758             48
 div_hor                            0.385             1.958             0.097             3.992             48
 icethd                             0.347             1.764             0.088             3.930             24
 tra_qsr                            0.305             1.547             0.076             3.983             24
 dyn_adv                            0.292             1.485             0.073             3.984             24
 stp_ctl                            0.273             1.386             0.069             3.978             24
 icewri                             0.262             1.329             0.066             3.987             24
 dyn_zdf                            0.249             1.265             0.069             3.607             24
 icecor                             0.222             1.130             0.056             3.958             48
 ssh_nxt                            0.219             1.110             0.055             3.993             24
 dyn_ldf                            0.198             1.008             0.050             3.996             24
 nemogcmcoup_lim2_update            0.185             0.941             0.046             3.997             24
 wzv                                0.163             0.828             0.041             4.009             48
 parinter_fld_mult                  0.162             0.821             0.047             3.440            194
 bn2                                0.158             0.804             0.038             4.126             48
 dyn_zad                            0.153             0.776             0.038             3.997             24
 rab_3d                             0.141             0.715             0.038             3.684             48
 dyn_keg                            0.138             0.700             0.035             3.994             24
 eos-pot                            0.119             0.605             0.033             3.656             48
 dia_hth                            0.112             0.570             0.028             3.995             24
 dyn_hpg                            0.102             0.520             0.026             4.006             24
 parinter_init                      0.101             0.514             0.025             3.980              8
 icesbc                             0.092             0.467             0.023             4.029             48
 zps_hde                            0.085             0.433             0.019             4.431             24
 sbc_sglcpl_ice_flx                 0.070             0.358             0.016             4.378             24
 nemogcmcoup_lim2_get               0.063             0.321             0.018             3.595             25
 sbc_sglcpl_rcv                     0.060             0.305             0.015             4.017             24
 icedyn_rdgrft                      0.055             0.281             0.014             4.008             24
 dom_hgr                            0.055             0.278             0.014             3.936              1
 tra_bbl                            0.051             0.261             0.013             4.025             24
 eos-insitu                         0.049             0.247             0.015             3.355             24
 nemogcmcoup_wam_update             0.044             0.223             0.010             4.314             24
 iceupdate_flx                      0.033             0.169             0.008             4.037             24
 tra_bbc                            0.033             0.167             0.008             4.041             24
 nemogcmcoup_wam_get                0.026             0.134             0.006             4.418             24
 iceitd_reb                         0.026             0.134             0.004             7.205             48
 eos2d                              0.024             0.124             0.006             4.196             48
 iceupdate_tau                      0.021             0.105             0.005             4.111             24
 nemogcmcoup_wam_update_s           0.017             0.085             0.004             4.378             25
 tra_sbc                            0.016             0.082             0.004             4.149             24
 icealb                             0.016             0.081             0.007             2.231             48
 iceitd_rem                         0.015             0.077             0.002             6.673             24
 nemogcmcoup_update                 0.015             0.074             0.004             4.017             24
 rab_2d                             0.011             0.054             0.003             4.202             24
 scripremap_dealloc                 0.006             0.032             0.002             4.132              8
 
 Timing started on 24/07/2026 at 11:42:33 MET +02:00 from GMT
 Timing   ended on 24/07/2026 at 11:43:31 MET +02:00 from GMT
  
  Report on time spent on waiting MPI messages 
     total timing measured between nit000+1 and nitend-1 
     warning: includes restarts writing time if output before nitend... 
  
     Computing       time :    0.000000                    on MPI rank :        1
     Waiting lbc_lnk time :    0.000000 ( 0.0 %)           on MPI rank :        1
     Waiting  global time :    0.000000 ( 0.0 %)           on MPI rank :        1
     Total           time :   43.983905 (SYPD:     4.933 ) on MPI rank :        1
     Computing       time :    0.000000                    on MPI rank :        2
     Waiting lbc_lnk time :    0.000000 ( 0.0 %)           on MPI rank :        2
     Waiting  global time :    0.000000 ( 0.0 %)           on MPI rank :        2
     Total           time :   43.983910 (SYPD:     4.933 ) on MPI rank :        2
     Computing       time :    0.000000                    on MPI rank :        3
     Waiting lbc_lnk time :    0.000000 ( 0.0 %)           on MPI rank :        3
     Waiting  global time :    0.000000 ( 0.0 %)           on MPI rank :        3
     Total           time :   43.983829 (SYPD:     4.933 ) on MPI rank :        3
     Computing       time :    0.000000                    on MPI rank :        4
     Waiting lbc_lnk time :    0.000000 ( 0.0 %)           on MPI rank :        4
     Waiting  global time :    0.000000 ( 0.0 %)           on MPI rank :        4
     Total           time :   43.983853 (SYPD:     4.933 ) on MPI rank :        4
     Computing       time :    0.000000                    on MPI rank :        5
     Waiting lbc_lnk time :    0.000000 ( 0.0 %)           on MPI rank :        5
     Waiting  global time :    0.000000 ( 0.0 %)           on MPI rank :        5
     Total           time :   43.983849 (SYPD:     4.933 ) on MPI rank :        5
     Computing       time :    0.000000                    on MPI rank :        6
     Waiting lbc_lnk time :    0.000000 ( 0.0 %)           on MPI rank :        6
     Waiting  global time :    0.000000 ( 0.0 %)           on MPI rank :        6
     Total           time :   43.983939 (SYPD:     4.933 ) on MPI rank :        6
     Computing       time :    0.000000                    on MPI rank :        7
     Waiting lbc_lnk time :    0.000000 ( 0.0 %)           on MPI rank :        7
     Waiting  global time :    0.000000 ( 0.0 %)           on MPI rank :        7
     Total           time :   43.983763 (SYPD:     4.933 ) on MPI rank :        7
     Computing       time :    0.000000                    on MPI rank :        8
     Waiting lbc_lnk time :    0.000000 ( 0.0 %)           on MPI rank :        8
     Waiting  global time :    0.000000 ( 0.0 %)           on MPI rank :        8
     Total           time :   43.983942 (SYPD:     4.933 ) on MPI rank :        8
     Computing       time :    0.000000                    on MPI rank :        9
     Waiting lbc_lnk time :    0.000000 ( 0.0 %)           on MPI rank :        9
     Waiting  global time :    0.000000 ( 0.0 %)           on MPI rank :        9
     Total           time :   43.983880 (SYPD:     4.933 ) on MPI rank :        9
     Computing       time :    0.000000                    on MPI rank :       10
     Waiting lbc_lnk time :    0.000000 ( 0.0 %)           on MPI rank :       10
     Waiting  global time :    0.000000 ( 0.0 %)           on MPI rank :       10
     Total           time :   43.983918 (SYPD:     4.933 ) on MPI rank :       10
     Computing       time :    0.000000                    on MPI rank :       11
     Waiting lbc_lnk time :    0.000000 ( 0.0 %)           on MPI rank :       11
     Waiting  global time :    0.000000 ( 0.0 %)           on MPI rank :       11
     Total           time :   43.983842 (SYPD:     4.933 ) on MPI rank :       11
     Computing       time :    0.000000                    on MPI rank :       12
     Waiting lbc_lnk time :    0.000000 ( 0.0 %)           on MPI rank :       12
     Waiting  global time :    0.000000 ( 0.0 %)           on MPI rank :       12
     Total           time :   43.983870 (SYPD:     4.933 ) on MPI rank :       12
     Computing       time :    0.000000                    on MPI rank :       13
     Waiting lbc_lnk time :    0.000000 ( 0.0 %)           on MPI rank :       13
     Waiting  global time :    0.000000 ( 0.0 %)           on MPI rank :       13
     Total           time :   43.984009 (SYPD:     4.933 ) on MPI rank :       13
     Computing       time :    0.000000                    on MPI rank :       14
     Waiting lbc_lnk time :    0.000000 ( 0.0 %)           on MPI rank :       14
     Waiting  global time :    0.000000 ( 0.0 %)           on MPI rank :       14
     Total           time :   43.983950 (SYPD:     4.933 ) on MPI rank :       14
     Computing       time :    0.000000                    on MPI rank :       15
     Waiting lbc_lnk time :    0.000000 ( 0.0 %)           on MPI rank :       15
     Waiting  global time :    0.000000 ( 0.0 %)           on MPI rank :       15
     Total           time :   43.984045 (SYPD:     4.933 ) on MPI rank :       15
     Computing       time :    0.000000                    on MPI rank :       16
     Waiting lbc_lnk time :    0.000000 ( 0.0 %)           on MPI rank :       16
     Waiting  global time :    0.000000 ( 0.0 %)           on MPI rank :       16
     Total           time :   43.983837 (SYPD:     4.933 ) on MPI rank :       16
     Computing       time :    0.000000                    on MPI rank :       17
     Waiting lbc_lnk time :    0.000000 ( 0.0 %)           on MPI rank :       17
     Waiting  global time :    0.000000 ( 0.0 %)           on MPI rank :       17
     Total           time :   43.983668 (SYPD:     4.933 ) on MPI rank :       17
     Computing       time :    0.000000                    on MPI rank :       18
     Waiting lbc_lnk time :    0.000000 ( 0.0 %)           on MPI rank :       18
     Waiting  global time :    0.000000 ( 0.0 %)           on MPI rank :       18
     Total           time :   43.983681 (SYPD:     4.933 ) on MPI rank :       18
     Computing       time :    0.000000                    on MPI rank :       19
     Waiting lbc_lnk time :    0.000000 ( 0.0 %)           on MPI rank :       19
     Waiting  global time :    0.000000 ( 0.0 %)           on MPI rank :       19
     Total           time :   43.983873 (SYPD:     4.933 ) on MPI rank :       19
     Computing       time :    0.000000                    on MPI rank :       20
     Waiting lbc_lnk time :    0.000000 ( 0.0 %)           on MPI rank :       20
     Waiting  global time :    0.000000 ( 0.0 %)           on MPI rank :       20
     Total           time :   43.983890 (SYPD:     4.933 ) on MPI rank :       20
     Computing       time :    0.000000                    on MPI rank :       21
     Waiting lbc_lnk time :    0.000000 ( 0.0 %)           on MPI rank :       21
     Waiting  global time :    0.000000 ( 0.0 %)           on MPI rank :       21
     Total           time :   43.983805 (SYPD:     4.933 ) on MPI rank :       21
     Computing       time :    0.000000                    on MPI rank :       22
     Waiting lbc_lnk time :    0.000000 ( 0.0 %)           on MPI rank :       22
     Waiting  global time :    0.000000 ( 0.0 %)           on MPI rank :       22
     Total           time :   43.983815 (SYPD:     4.933 ) on MPI rank :       22
     Computing       time :    0.000000                    on MPI rank :       23
     Waiting lbc_lnk time :    0.000000 ( 0.0 %)           on MPI rank :       23
     Waiting  global time :    0.000000 ( 0.0 %)           on MPI rank :       23
     Total           time :   43.983743 (SYPD:     4.933 ) on MPI rank :       23
     Computing       time :    0.000000                    on MPI rank :       24
     Waiting lbc_lnk time :    0.000000 ( 0.0 %)           on MPI rank :       24
     Waiting  global time :    0.000000 ( 0.0 %)           on MPI rank :       24
     Total           time :   43.983877 (SYPD:     4.933 ) on MPI rank :       24
     Computing       time :    0.000000                    on MPI rank :       25
     Waiting lbc_lnk time :    0.000000 ( 0.0 %)           on MPI rank :       25
     Waiting  global time :    0.000000 ( 0.0 %)           on MPI rank :       25
     Total           time :   43.983989 (SYPD:     4.933 ) on MPI rank :       25
     Computing       time :    0.000000                    on MPI rank :       26
     Waiting lbc_lnk time :    0.000000 ( 0.0 %)           on MPI rank :       26
     Waiting  global time :    0.000000 ( 0.0 %)           on MPI rank :       26
     Total           time :   43.984017 (SYPD:     4.933 ) on MPI rank :       26
